# Residue	HN N
114 8.437 122.654
115 8.178 123.281
115 8.246 123.054
116 7.871 121.901
118 9.186 125.896
119 7.798 126.355
120 9.356 128.196
122 7.821 122.492
124 8.447 109.629
125 8.260 109.033
126 7.150 113.682
127 6.510 116.942
129 8.735 112.702
130 7.875 119.359
131 9.179 128.601
132 9.900 132.419
133 9.105 123.770
134 9.643 130.191
135 8.789 127.131
136 6.955 108.493
137 8.920 116.061
138 8.354 128.379
139 8.277 128.839
141 8.175 116.748
142 6.878 119.622
143 9.578 116.645
144 8.550 117.712
145 8.159 119.876
146 8.706 127.145
147 8.492 121.877
148 9.035 121.068
149 9.351 125.571
150 9.132 127.378
151 8.162 125.603
154 8.452 120.066
155 9.204 121.252
156 8.883 127.900
157 7.640 118.658
158 9.359 133.663
159 8.421 127.056
160 8.325 123.366
163 8.139 118.808
164 8.690 117.742
167 8.055 108.258
168 7.407 117.526
169 7.890 119.145
171 8.744 124.714
172 7.369 128.194
173 8.781 123.745
174 8.967 119.290
175 10.005 118.450
176 9.101 130.679
177 7.892 126.241
178 8.989 126.146
179 9.171 108.634
180 7.777 117.811
181 8.905 127.106
182 8.217 110.632
183 8.662 124.634
184 8.820 125.519
185 9.158 122.627
186 8.933 124.882
187 8.822 121.622
189 7.851 125.580
190 8.346 125.774
192 5.808 114.023
193 9.190 120.147
194 9.070 120.665
195 7.119 112.683
196 7.761 118.211
198 8.757 116.492
199 8.099 121.755
200 9.814 127.439
201 9.306 125.300
202 9.573 124.216
203 9.460 130.635
204 9.025 127.530
205 8.385 128.241
207 8.003 107.139
208 6.488 116.236
209 8.564 114.790
210 9.713 123.669
211 9.104 123.553
212 9.264 130.549
213 8.482 121.160
214 9.883 127.538
215 8.973 107.941
216 7.671 121.764
218 8.900 128.175
219 7.564 110.217
220 8.766 119.264
222 9.295 129.932
223 7.152 117.315
224 9.459 125.349
225 8.351 120.574
227 7.132 120.923
228 7.633 122.918
229 8.400 112.925
230 7.426 116.589
231 7.676 122.280
232 7.702 116.402
233 7.865 120.854
234 8.591 124.566
235 9.269 114.636
236 9.353 127.512
237 9.355 120.315
238 8.818 105.613
240 7.878 111.865
241 8.903 121.221
243 9.034 121.595
244 7.755 112.080
245 8.307 126.001
246 8.563 115.328
247 8.360 115.278
248 8.875 115.238
249 8.115 120.924
250 8.624 125.366
302 8.044 112.967
311 8.318 120.177
