# Residue	HN N
115 8.243 123.019
116 7.887 121.903
118 9.206 125.933
119 7.804 126.354
120 9.367 128.242
122 7.819 122.490
125 8.246 108.997
126 7.161 113.679
127 6.520 117.006
129 8.742 112.716
130 7.890 119.360
131 9.194 128.651
132 9.910 132.426
134 9.653 130.212
135 8.798 127.144
136 6.964 108.497
137 8.928 116.088
138 8.389 128.208
139 8.291 128.891
142 6.898 119.615
143 9.592 116.606
144 8.564 117.891
145 8.140 119.972
146 8.696 127.221
147 8.537 122.146
148 9.074 121.093
150 9.136 127.316
151 8.151 125.673
154 8.474 120.052
155 9.211 121.458
156 8.870 127.886
157 7.642 118.683
158 9.447 133.633
159 8.446 126.997
160 8.417 123.469
163 8.126 118.875
164 8.717 117.732
165 8.912 125.546
167 8.067 108.289
168 7.407 117.493
169 7.871 119.113
171 8.749 124.776
172 7.356 128.277
173 8.796 123.663
174 8.991 119.706
175 10.063 118.413
176 9.052 130.532
177 7.950 126.485
178 9.038 126.272
179 9.157 108.724
180 7.798 117.868
181 8.973 126.940
182 8.250 110.550
183 8.647 124.108
184 8.825 126.121
185 9.183 122.743
186 8.877 124.140
187 8.846 121.900
189 7.896 125.569
190 8.366 125.768
192 5.815 113.973
193 9.198 120.151
194 9.073 120.677
195 7.159 112.731
196 7.785 118.252
198 8.769 116.531
199 8.108 121.774
200 9.829 127.458
202 9.585 124.199
203 9.476 130.667
204 9.046 127.585
205 8.363 128.375
207 7.995 107.239
208 6.491 116.291
209 8.550 114.775
210 9.735 123.826
212 9.280 130.580
213 8.493 121.166
214 9.892 127.530
215 8.982 107.918
216 7.682 121.769
218 8.915 128.174
219 7.572 110.222
220 8.771 119.248
221 8.961 125.798
222 9.246 129.733
223 7.187 117.415
224 9.459 125.520
225 8.337 120.424
228 7.636 122.906
229 8.403 113.002
230 7.432 116.573
231 7.694 122.292
232 7.705 116.353
233 7.877 120.967
234 8.588 124.632
235 9.292 114.625
236 9.346 127.283
237 9.361 120.351
238 8.821 105.618
240 7.899 111.871
241 8.910 121.166
243 9.051 121.482
244 7.759 112.077
245 8.311 126.018
246 8.572 115.334
247 8.367 115.278
248 8.886 115.225
249 8.129 120.920
250 8.630 125.367
